9.599990 
10.984511 
8.892225 
8.174556 
9.439160 
11.566429 
14.504549 
9.914127 
11.161007 
10.400140 
10.365366 
13.054844 
7.687023 
8.286734 
14.535268 
10.918675 
9.303656 
8.763281 
7.442154 
9.262806 
8.877849 
11.887364 
8.008683 
6.069175 
9.708198 
7.191287 
7.486543 
12.998002 
9.360253 
8.082793 
7.517108 
11.976030 
9.014222 
8.742154 
10.178108 
12.178598 
8.166422 
9.680046 
11.617836 
10.950397 
15.842125 
9.465831 
7.449657 
10.263735 
9.358792 
7.131975 
11.786033 
10.764498 
7.996597 
8.891017 
7.361099 
9.774739 
9.600148 
6.942676 
10.670070 
10.011735 
7.649982 
10.003333 
8.133050 
10.216166 
11.961363 
9.709686 
9.857281 
8.122802 
10.135688 
10.826075 
7.868871 
9.447917 
10.793181 
9.583612 
12.640458 
11.746039 
12.308401 
12.096207 
13.448130 
8.060261 
10.553049 
8.787988 
10.666122 
11.069080 
9.652920 
8.727162 
5.274936 
11.950857 
9.739020 
8.881292 
11.289340 
12.442520 
11.750507 
9.958540 
13.632232 
8.970653 
10.706370 
9.403172 
10.808905 
12.829507 
8.012030 
10.247371 
6.661312 
7.848373 
8.332644 
8.758745 
7.119408 
12.087800 
16.849549 
9.806579 
11.360391 
9.969173 
13.460422 
11.720635 
6.154115 
11.457130 
9.821242 
13.309441 
9.525323 
13.570318 
9.807560 
12.088964 
8.322404 
10.906200 
7.986760 
10.521700 
10.315456 
10.497719 
10.261425 
10.959993 
9.151639 
9.358575 
10.738332 
10.635927 
7.797776 
9.013971 
8.303886 
9.458746 
7.598224 
8.947824 
11.799968 
10.645035 
9.698979 
13.448581 
9.068465 
7.874072 
11.491315 
11.313681 
10.791229 
16.798975 
7.716746 
13.603076 
9.973959 
8.120954 
9.815708 
7.803101 
8.779812 
8.896971 
10.357971 
8.104040 
6.304112 
10.190086 
11.285971 
8.721302 
8.145604 
14.371165 
9.422542 
9.836684 
11.943963 
8.157801 
7.545983 
11.512980 
10.656781 
8.615448 
10.028222 
9.417430 
9.817322 
12.262208 
8.347833 
9.387275 
10.966210 
6.964501 
12.890476 
11.909989 
8.902755 
9.082137 
9.068694 
8.787786 
11.501460 
10.953046 
11.940837 
10.171059 
10.225140 
11.152388 
8.311938 
6.267932 
9.540221 
12.612830 
12.605122 
9.788088 
10.659417 
10.052757 
11.858792 
10.141687 
8.632315 
12.010451 
11.547013 
10.876905 
8.571246 
10.202791 
4.291800 
10.273307 
6.340495 
11.691498 
8.504218 
10.363602 
8.790209 
10.559742 
9.479017 
12.758279 
7.722803 
11.481879 
8.407687 
10.423934 
14.003740 
5.294274 
8.858001 
9.717670 
8.748559 
8.645274 
8.920202 
10.386285 
9.018219 
9.182689 
8.466177 
12.427553 
11.959746 
10.605383 
9.362905 
7.756713 
9.809809 
8.276662 
13.878511 
9.330256 
9.017011 
11.674129 
10.492969 
12.786681 
8.750009 
9.900615 
10.684782 
5.472777 
9.821595 
6.585775 
10.245361 
11.659923 
8.642203 
11.150817 
11.086975 
10.744177 
7.029173 
11.412725 
9.530583 
9.497200 
8.273318 
7.827756 
10.176686 
11.370607 
12.769337 
11.306760 
10.527604 
7.111698 
10.668719 
7.066342 
13.288054 
7.880534 
9.017914 
12.323686 
6.291055 
12.737624 
10.368614 
10.980174 
9.840964 
7.970180 
9.545491 
12.574428 
10.034341 
8.679348 
7.152257 
7.974693 
9.622349 
11.743372 
9.733508 
10.831374 
12.491069 
5.214599 
9.719334 
15.598918 
10.317307 
9.889998 
7.088484 
6.596210 
11.387726 
9.006672 
11.589154 
8.265118 
7.844597 
9.888257 
8.805125 
12.257565 
9.438061 
11.886493 
9.584209 
8.623496 
8.059349 
12.142622 
9.767268 
9.110172 
8.502747 
10.927829 
10.562836 
8.776311 
9.458945 
10.812243 
9.737052 
10.584107 
9.634993 
8.927223 
6.172399 
8.901338 
9.812807 
16.040477 
10.793153 
9.972287 
7.832440 
9.474910 
7.056387 
10.348444 
12.188470 
10.447930 
11.391738 
10.688167 
10.292314 
11.868736 
10.657028 
8.995729 
10.849947 
10.774518 
12.507674 
11.553836 
11.744055 
12.715965 
7.374453 
12.150723 
10.305935 
9.672731 
12.856660 
10.813276 
13.582683 
8.774588 
9.942642 
10.382543 
6.671381 
9.648349 
10.503545 
9.659639 
11.292570 
9.707752 
9.220866 
10.058553 
9.580921 
9.831412 
9.715391 
9.178180 
5.222644 
8.091888 
12.156512 
9.393723 
5.718948 
9.605355 
8.794760 
6.721886 
14.176956 
12.621435 
8.591619 
14.891878 
10.753939 
9.344258 
9.311035 
9.318672 
12.335680 
8.349432 
13.998029 
8.839562 
6.237045 
11.500425 
8.057598 
11.359065 
7.909238 
9.157391 
9.018141 
13.786921 
10.138245 
10.214666 
10.466060 
13.240198 
9.400334 
7.707057 
6.610460 
10.246584 
7.394671 
9.800508 
11.928830 
8.861275 
11.278415 
9.885916 
7.280439 
15.053202 
9.656274 
7.581997 
11.019391 
8.399763 
11.263740 
5.593201 
9.078887 
8.723996 
12.316350 
9.464118 
11.204744 
8.950548 
9.653054 
9.978044 
10.615682 
12.205022 
11.756820 
8.266771 
13.456632 
9.486335 
7.390370 
9.860930 
8.449270 
8.865705 
7.703195 
8.856606 
9.793348 
11.905182 
11.659833 
13.206287 
10.251183 
9.336989 
12.942505 
9.563593 
9.506888 
12.988213 
11.415543 
7.879740 
10.116969 
12.969022 
9.981541 
10.195910 
12.906206 
8.096717 
6.316981 
13.888575 
8.834782 
12.674631 
8.669091 
12.021104 
13.227173 
8.047060 
7.951064 
13.446632 
12.330121 
9.548757 
9.566115 
10.876289 
8.534766 
12.297417 
9.045298 
10.349590 
11.242610 
7.663585 
10.988749 
11.350086 
14.480805 
11.015614 
8.403793 
10.472793 
9.550681 
6.986041 
12.600876 
5.251761 
7.221984 
8.795700 
11.052147 
7.490266 
10.810559 
8.784693 
9.324518 
10.705119 
12.107916 
9.146500 
10.056223 
10.981734 
10.985489 
12.488560 
10.299218 
9.279356 
8.204774 
6.507021 
11.382399 
9.487660 
11.163722 
6.156721 
8.554330 
10.272197 
7.794288 
9.299862 
11.189067 
7.080613 
5.474546 
10.240307 
11.108916 
14.667910 
10.582043 
10.489560 
12.227154 
5.401651 
5.522353 
9.460637 
9.555898 
9.689987 
11.757187 
10.877807 
11.950824 
9.761041 
8.583954 
11.714621 
12.286417 
10.695437 
8.792259 
11.666870 
11.507709 
6.396703 
9.481793 
9.392861 
9.520539 
10.217391 
10.518734 
10.266128 
12.444664 
12.000046 
5.103364 
10.157798 
10.801777 
7.189004 
6.934677 
7.625972 
9.755237 
9.926060 
11.050398 
8.785165 
11.198955 
11.606323 
10.583439 
9.065233 
10.736149 
8.715130 
8.021072 
12.080565 
11.371411 
9.492353 
6.688421 
5.662405 
11.946037 
7.213242 
8.019811 
8.252784 
10.259386 
13.287014 
8.552655 
10.563722 
8.915130 
11.546246 
10.139529 
10.554227 
11.365016 
10.424538 
9.498743 
10.005167 
11.971880 
10.381946 
8.075299 
9.552112 
7.130055 
12.862618 
13.452567 
10.459166 
11.404678 
8.829719 
9.054196 
11.994442 
10.182384 
8.965822 
10.325838 
11.764795 
10.743873 
8.150834 
9.630113 
6.952125 
8.586425 
9.833349 
13.498673 
8.777590 
7.171855 
8.425708 
10.083561 
11.262266 
8.375431 
10.121744 
8.439955 
6.950978 
9.185568 
8.895825 
11.767586 
8.764341 
10.320220 
8.693197 
10.832100 
6.090635 
9.920695 
12.267857 
7.033687 
8.796070 
8.211977 
9.385661 
10.456695 
8.438094 
8.862777 
4.818735 
8.621735 
7.751810 
9.607239 
8.334518 
8.252607 
6.712595 
8.448867 
9.302396 
9.902990 
12.162720 
12.872438 
10.160986 
12.908280 
9.870361 
8.215700 
12.021375 
4.431871 
13.399803 
10.076812 
11.447323 
9.315351 
9.967132 
10.486806 
9.585114 
8.364502 
8.547567 
10.283103 
10.300419 
10.636519 
9.237641 
11.274447 
10.824370 
7.189264 
10.566604 
10.032332 
10.530791 
12.938007 
11.884284 
7.594125 
13.784523 
10.611890 
12.242722 
7.080962 
8.530144 
12.480521 
10.236245 
9.003567 
7.492968 
6.993749 
8.410461 
14.399033 
6.034613 
11.725828 
10.277609 
9.713483 
5.845704 
13.936923 
9.488709 
7.514686 
7.911035 
9.004903 
7.680169 
9.815746 
11.390294 
15.304235 
11.255300 
13.415783 
9.573152 
9.918633 
10.179751 
10.814882 
10.268711 
9.436788 
8.582979 
10.442788 
7.600859 
8.559531 
13.875442 
9.167355 
10.912472 
10.856251 
12.896896 
10.231913 
9.324076 
9.385607 
11.679110 
11.430965 
12.615438 
10.912789 
9.074714 
9.408010 
9.660298 
9.427342 
9.622193 
5.220207 
12.490645 
6.026961 
6.469252 
10.605024 
9.301470 
12.521778 
11.284115 
10.361681 
9.221985 
10.204224 
10.127552 
12.973620 
8.758025 
10.252747 
10.426938 
12.684635 
11.141825 
10.034774 
6.797142 
12.687865 
9.073519 
8.924465 
12.231727 
10.481607 
12.206202 
10.829198 
10.645963 
10.819658 
9.260508 
11.170367 
13.630133 
8.615600 
10.845167 
9.339801 
9.699250 
12.628287 
10.334225 
7.790196 
10.871136 
7.590855 
7.354938 
7.966450 
9.719077 
9.948303 
11.656795 
9.671650 
9.283492 
12.010440 
11.683955 
10.133431 
7.165843 
11.519567 
9.792553 
11.519507 
6.569220 
6.845817 
7.845502 
10.252330 
11.074012 
9.926054 
11.527497 
8.910376 
9.170226 
7.597238 
13.075103 
12.347653 
8.060886 
10.964699 
11.777034 
10.083012 
9.078549 
9.306152 
9.358284 
11.687893 
8.761341 
10.428789 
6.688393 
9.521415 
8.538012 
7.285206 
10.205068 
11.191704 
11.216134 
10.594462 
11.976279 
10.809401 
10.382322 
9.055004 
13.657562 
8.898126 
8.809671 
10.836268 
7.238064 
8.932555 
10.370819 
7.649912 
8.547247 
11.844959 
7.212684 
9.433576 
9.269223 
8.071347 
5.770447 
9.606483 
11.687969 
7.203135 
10.201677 
13.168652 
13.321981 
11.889778 
10.221586 
13.067547 
8.308656 
13.364866 
9.801320 
12.031674 
10.581102 
13.726334 
9.451161 
9.575460 
8.622127 
11.269536 
12.441404 
15.071392 
7.481601 
8.811115 
10.232863 
5.926213 
9.261329 
11.581976 
12.724264 
12.523311 
8.706057 
11.339340 
9.676819 
9.620966 
15.649136 
6.621401 
9.610600 
11.148130 
13.317865 
7.275973 
8.866402 
12.332838 
7.029939 
12.571342 
7.733081 
10.579408 
9.539234 
7.573892 
10.363401 
11.583669 
11.863622 
8.571322 
11.230303 
8.660831 
10.991749 
13.195274 
9.679296 
9.645456 
12.624734 
11.590997 
11.243643 
8.212914 
10.192987 
10.330885 
12.880153 
8.595834 
8.025227 
11.118875 
11.780331 
13.513800 
8.087990 
11.927092 
7.968767 
12.028289 
12.483318 
9.492566 
11.351057 
6.483645 
8.001178 
9.529999 
9.671874 
9.271020 
12.990758 
9.336890 
12.003821 
12.554021 
11.080130 
9.026136 
8.756503 
13.194834 
13.255285 
8.613031 
6.840800 
6.945340 
11.298193 
9.057069 
8.056459 
9.850708 
7.686872 
8.597085 
12.044475 
10.775909 
10.528710 
12.725489 
9.903997 
10.544545 
10.402683 
11.982989 
7.912312 
6.860576 
6.915046 
8.803154 
13.767275 
10.302555 
10.266982 
9.245130 
7.242558 
9.682470 
7.612179 
7.737109 
9.387518 
10.800323 
10.943831 
7.060126 
10.507949 
11.937234 
8.435284 
5.371279 
5.811879 
12.086091 
10.941154 
6.831973 
11.885947 
11.456211 
6.118723 
9.722946 
10.930799 
9.240909 
11.770782 
11.896656 
10.225240 
6.971504 
16.611708 
11.286937 
10.808594 
13.404511 
11.131134 
8.123632 
12.524302 
12.172619 
9.341823 
9.208272 
5.638574 
7.551553 
9.176184 
8.302445 
6.476572 
11.375341 
8.469825 
13.624448 
10.320522 
10.642156 
11.078878 
12.933191 
10.161863 
9.758551 
11.152457 
12.265575 
8.607684 
7.959742 
6.484547 
13.561025 
6.446001 
10.050167 
9.407908 
16.155410 
7.412846 
10.410014 
11.002385 
8.677667 
9.632817 
15.700756 
13.217387 
11.178698 
10.212337 
9.183195 
6.441112 
9.496574 
11.356491 
13.065738 
8.469001 
13.981055 
6.052265 
10.785600 
10.885309 
9.140265 
12.200700 
8.136132 
9.373239 
10.349060 
8.658038 
9.258058 
9.433048 
7.497314 
9.685863 
8.931445 
8.071984 
10.683294 
8.255315 
7.576543 
8.029093 
10.848810 
8.983475 
11.485484 
5.569961 
10.292941 
9.025524 
9.856990 
9.111726 
11.128461 
7.697311 
11.529203 
9.815460 
10.730543 
9.800490 
6.416050 
12.470547 
13.811529 
9.162047 
10.312790 
9.448169 
6.162021 
11.612899 
7.769057 
11.024028 
5.848783 
6.704872 
6.738159 
9.373365 
10.154590 
14.550181 
11.816734 
5.269740 
11.478281 
7.745304 
9.626644 
10.390294 
13.117182 
10.336640 
8.899365 
11.488267 
10.033940 
11.426393 
12.059003 
11.034138 
8.152302 
7.168211 
9.010338 
11.403192 
10.694767 
7.974442 
13.035397 
7.502843 
9.643057 
9.447248 
9.938563 
9.760416 
11.229533 
9.399811 
10.251162 
14.947668 
9.345421 
12.998597 
9.128788 
9.126135 
10.500284 
10.019036 
12.997379 
7.071115 
6.402683 
7.325993 
9.176441 
11.683348 
11.641148 
8.822415 
9.451365 
7.808131 
8.075003 
10.500112 
11.725526 
9.666676 
9.674009 
10.964145 
12.159818 
10.764575 
12.278572 
7.844335 
11.943917 
9.663079 
11.549840 
10.473711 
11.492008 
7.501201 
9.454012 
8.669083 
11.569671 
10.656159 
9.343144 
9.125926 
9.552823 
9.499277 
8.144863 
8.609113 
10.345660 
11.088285 
11.633040 
11.194509 
9.073887 
10.950756 
8.242835 
10.692462 
11.117957 
11.523720 
6.588231 
5.947508 
15.010901 
12.110176 
11.984908 
6.287757 
13.671646 
10.688180 
13.410188 
9.646092 
8.097240 
10.469499 
5.345822 
10.809912 
9.152739 
12.119072 
3.941396 
10.583348 
7.162540 
12.232425 
8.751188 
9.069780 
10.123115 
9.703258 
12.462939 
7.235282 
6.437312 
11.347638 
11.730075 
11.383591 
7.730911 
9.826926 
9.680983 
8.173888 
12.350900 
8.823962 
12.251953 
10.223220 
8.717900 
9.268227 
9.320766 
9.923737 
7.042868 
10.814065 
8.418996 
10.612288 
7.276122 
7.969037 
6.675375 
8.539539 
9.242308 
13.063447 
8.627818 
9.932955 
12.352196 
10.622531 
13.365116 
14.797187 
12.170443 
9.425553 
11.018842 
8.677904 
6.716520 
11.470218 
10.937266 
11.213208 
7.656346 
11.488246 
11.055153 
11.599636 
10.884784 
9.801103 
9.400070 
8.297722 
11.253168 
12.440450 
7.443478 
9.041655 
9.822195 
12.027948 
12.427112 
8.889058 
9.601926 
12.207302 
9.532744 
9.723765 
8.963017 
8.396480 
9.156468 
11.405088 
11.486510 
9.979566 
6.683637 
11.985540 
8.959006 
9.499539 
10.781397 
7.891453 
12.996091 
7.988184 
11.627611 
7.650867 
9.864656 
10.946237 
8.234809 
8.939345 
11.379598 
10.784673 
9.142074 
8.570725 
7.784630 
4.582608 
10.600630 
9.010734 
7.242434 
9.324814 
6.971827 
12.223596 
10.924480 
11.894835 
9.861083 
11.086165 
8.811559 
8.819289 
8.140815 
10.072504 
9.786514 
10.974288 
11.337826 
11.343930 
11.941026 
13.791168 
6.694274 
10.062108 
12.418980 
14.613921 
7.062174 
8.681234 
6.614725 
8.172091 
11.263683 
9.643116 
9.632386 
9.778610 
10.588028 
9.062104 
11.506581 
9.596526 
8.029966 
8.604134 
11.147693 
14.800389 
12.959881 
10.778548 
10.355725 
8.484083 
12.846243 
9.248396 
11.993997 
9.690739 
11.075685 
4.031670 
10.929518 
13.880840 
11.656225 
11.350603 
8.654931 
11.023479 
12.293365 
12.004099 
7.676765 
8.655117 
6.926415 
8.868761 
11.164774 
13.660127 
8.242866 
9.622332 
9.942212 
10.109776 
17.050866 
8.555463 
11.757981 
10.673758 
8.846414 
11.537580 
11.260061 
11.596851 
15.666436 
7.610392 
8.824082 
10.504523 
11.345878 
12.442632 
11.843498 
9.563757 
13.231481 
8.338596 
11.622065 
7.968565 
13.012364 
11.718364 
14.465750 
12.572797 
10.357835 
12.305013 
7.623565 
6.202089 
12.163298 
13.346195 
12.145685 
7.589198 
9.747282 
7.713026 
11.340597 
7.532642 
8.107219 
8.768453 
7.660831 
10.114217 
11.293189 
8.324044 
10.030721 
9.704984 
13.589762 
10.350024 
9.653192 
10.456711 
16.261563 
13.214599 
12.837403 
11.448930 
9.261610 
8.000004 
11.566455 
8.665641 
7.986687 
12.663997 
12.606585 
15.790255 
9.070657 
13.991267 
11.884381 
12.406821 
12.842348 
9.526395 
7.463989 
9.510734 
12.801785 
7.999175 
12.498136 
7.828032 
14.020106 
11.228619 
13.257637 
4.498820 
13.028642 
11.348044 
5.925589 
11.053306 
11.695510 
14.825385 
10.740014 
8.407292 
6.713010 
12.195766 
7.120262 
9.141792 
10.818565 
9.369835 
9.833451 
9.813885 
14.618130 
7.586646 
8.428625 
8.310478 
11.279043 
11.362069 
6.472687 
11.214316 
10.194680 
9.757094 
8.815322 
5.960604 
14.793372 
12.916248 
13.000341 
9.351689 
9.260904 
9.692984 
6.592825 
10.300203 
11.742928 
10.841533 
7.477718 
12.976731 
9.704498 
10.685816 
8.996613 
7.044510 
8.372428 
8.323018 
9.581948 
10.395113 
9.882210 
11.682086 
10.837147 
8.175597 
14.012368 
10.078968 
17.650785 
9.973262 
9.466903 
7.570261 
10.408999 
5.986361 
7.455594 
8.493911 
14.341469 
10.945643 
12.686053 
11.039268 
15.257146 
12.369852 
11.638402 
13.167170 
7.901052 
9.740663 
7.137766 
14.505452 
7.530471 
6.168090 
7.644768 
14.811865 
11.407247 
12.327638 
10.049774 
10.727047 
12.678277 
10.113233 
10.117982 
8.097767 
8.977086 
9.814469 
12.225939 
7.335985 
11.179736 
11.283075 
9.257130 
8.073262 
12.540707 
8.195558 
9.054246 
11.463015 
10.288965 
10.472078 
6.621071 
10.694830 
10.390229 
7.557913 
8.795731 
13.582109 
9.609920 
9.549152 
9.808361 
9.039418 
10.688038 
11.085239 
6.028520 
10.747531 
11.049687 
14.240178 
10.580275 
6.463583 
9.173190 
8.504828 
7.249356 
11.396944 
11.316092 
10.518199 
8.204851 
10.619546 
10.549675 
12.140960 
8.718748 
8.247219 
9.259927 
7.934934 
9.205010 
8.118730 
9.695568 
8.668341 
8.156341 
8.828170 
13.379848 
9.353636 
10.189785 
9.990328 
9.313505 
10.182892 
15.164088 
6.994939 
10.416868 
6.710193 
9.660233 
5.285316 
11.027285 
9.409641 
10.164811 
10.445080 
6.993337 
11.758143 
9.248027 
10.657489 
11.081698 
9.405060 
11.292740 
5.903066 
12.977595 
8.722187 
10.506743 
12.917090 
7.894013 
9.933855 
13.568003 
11.033806 
11.336726 
9.625204 
9.390458 
11.305991 
10.021087 
11.235701 
9.144009 
12.219995 
8.441346 
5.643235 
9.440581 
9.730266 
11.881777 
6.114775 
7.976769 
7.479224 
9.760649 
9.087563 
11.796712 
7.347415 
8.114720 
12.474800 
8.009039 
10.607240 
10.363755 
10.899035 
10.461488 
11.041634 
11.559314 
7.294358 
12.659583 
10.953020 
15.237745 
12.413775 
14.424113 
12.072111 
11.623731 
7.072651 
8.897770 
8.922799 
10.381738 
13.124666 
11.019945 
7.054528 
9.872720 
7.904762 
14.423674 
11.232277 
6.212190 
13.391639 
9.006097 
9.931491 
12.612866 
11.052394 
12.388747 
9.795243 
10.102034 
6.828269 
9.119615 
13.858134 
10.578455 
9.237355 
12.844868 
12.524763 
10.635228 
6.882470 
16.186074 
10.977354 
11.492075 
11.723693 
12.612676 
8.045424 
8.045817 
12.610030 
9.308156 
10.210665 
11.416243 
8.345127 
10.036286 
8.264922 
7.573486 
12.837244 
12.449772 
9.983670 
11.075450 
6.850130 
11.425665 
11.592200 
10.746305 
12.868367 
14.193410 
8.340547 
9.287268 
11.409418 
11.427383 
9.066753 
12.105607 
8.979050 
10.163722 
12.482822 
9.919190 
13.760356 
8.592326 
7.204048 
11.254030 
14.107649 
12.559535 
13.291997 
8.831313 
10.113347 
10.682261 
11.091977 
8.242334 
8.161752 
8.717317 
7.371595 
10.203775 
6.173898 
10.492075 
7.523327 
10.373538 
7.420863 
13.493006 
8.597027 
5.383516 
7.845904 
6.577481 
10.882347 
8.587713 
13.905688 
8.618875 
11.065630 
10.928456 
11.717197 
13.752628 
11.004496 
11.005578 
12.672324 
7.791620 
9.031988 
8.969303 
13.566428 
10.060658 
8.674095 
10.824057 
12.439431 
9.590356 
9.316078 
11.934650 
11.760669 
8.711701 
14.627741 
8.923426 
7.961934 
10.135430 
9.875176 
9.106340 
11.031034 
8.895362 
9.108282 
10.441815 
12.774466 
9.391333 
9.578805 
8.944857 
8.205132 
13.497454 
9.982432 
9.327680 
10.389682 
12.706162 
10.364504 
11.538014 
12.011646 
11.085302 
8.799237 
13.041987 
12.901023 
7.452889 
11.695023 
7.491215 
8.137456 
10.793995 
11.573989 
10.590647 
9.636057 
9.413230 
11.281125 
11.040171 
10.402465 
8.998772 
10.085549 
9.417987 
7.922939 
6.429976 
7.015889 
8.932669 
10.028546 
7.468402 
10.376773 
11.682379 
9.244896 
7.725647 
7.384227 
8.260434 
11.369299 
11.147526 
11.809495 
4.719792 
12.497933 
11.423269 
11.806504 
7.762049 
8.081074 
10.487757 
8.017030 
10.362600 
10.209570 
13.646318 
14.213580 
12.436096 
10.466025 
8.407662 
10.423250 
9.752609 
10.276291 
11.634878 
12.268807 
9.838300 
9.990208 
6.344681 
9.953980 
12.311648 
9.528379 
9.945686 
11.814129 
10.482318 
8.964392 
10.840060 
11.879573 
7.534185 
5.863335 
10.266246 
9.413547 
8.622311 
4.854664 
7.544097 
8.404747 
14.087344 
10.180491 
9.304451 
7.140415 
9.388874 
8.548133 
8.711267 
10.678844 
10.582466 
6.363046 
7.255730 
10.964351 
7.772808 
10.294028 
9.327093 
8.823759 
11.941934 
11.891599 
11.519833 
7.323164 
10.612700 
9.843282 
11.911959 
7.952402 
13.121663 
8.865008 
9.127287 
10.842539 
12.308901 
10.930635 
10.036004 
8.959887 
10.342801 
8.565031 
9.204346 
7.161227 
11.383380 
10.963043 
8.531663 
10.709868 
8.353221 
6.825670 
8.178303 
12.897617 
8.476812 
9.349612 
13.710808 
9.764277 
9.801897 
13.158028 
9.750022 
10.877559 
9.992850 
9.751597 
5.312297 
10.897674 
8.223403 
8.857379 
10.591410 
9.311433 
7.769785 
9.279166 
11.729502 
14.052964 
14.098409 
10.835362 
9.132283 
9.326549 
10.782161 
5.228452 
6.738959 
11.019623 
11.558496 
9.370002 
9.682768 
11.348966 
10.184503 
8.864852 
11.051007 
13.492764 
12.248876 
9.019400 
11.017286 
10.313046 
10.018874 
10.998142 
9.458576 
7.235770 
12.139773 
8.819511 
9.818353 
12.199978 
12.763257 
12.383618 
12.915816 
6.745901 
8.121678 
12.761614 
9.506363 
8.721642 
13.250135 
11.970999 
7.392877 
8.599011 
10.268124 
8.463865 
8.758314 
10.942412 
9.392272 
12.341270 
10.626444 
7.580755 
10.383204 
10.677140 
17.585454 
13.049793 
9.956013 
8.284187 
10.148479 
6.051927 
10.345705 
10.277296 
9.945467 
9.751770 
7.653502 
10.577309 
10.954725 
11.452561 
10.270084 
9.945887 
11.484048 
8.928311 
9.256149 
11.017120 
9.557282 
7.439085 
6.462571 
9.924292 
9.678204 
14.142885 
11.248905 
9.768909 
10.665339 
6.939527 
11.121529 
8.347427 
9.917954 
8.447905 
10.544303 
13.952796 
8.535563 
11.098332 
9.306934 
7.401608 
10.539947 
9.980201 
10.036689 
10.499980 
14.954523 
13.176691 
5.767293 
8.537330 
10.195210 
11.352864 
10.398443 
11.376941 
13.771923 
10.885453 
8.226176 
6.159080 
